Xcl1+ NK	Ccl5+ NK	Ccr2+ NK	Gzmg+ NK	Mki67+ NK
HALLMARK_INTERFERON_ALPHA_RESPONSE	1.56087335807086	-0.0879665329496756	0.248651758178262	-0.938966804828896	-0.782591778470547
HALLMARK_INTERFERON_GAMMA_RESPONSE	1.40590049203602	0.31842051461421	0.145447397697859	-1.211362315159	-0.658406089189087
GOBP_NATURAL_KILLER_CELL_ACTIVATION	0.896372074954034	-0.621544241661803	0.833916138624686	-1.42043408968137	0.311690117764449
GOBP_NATURAL_KILLER_CELL_ACTIVATION_INVOLVED_IN_IMMUNE_RESPONSE	1.05285588963057	-0.540989309663375	0.752385482096699	-1.41748406741213	0.15323200534824
GOBP_NATURAL_KILLER_CELL_CYTOKINE_PRODUCTION	1.29136797900165	-0.468387657039059	0.138954550221429	-1.38402170615378	0.422086833969761
GOBP_NATURAL_KILLER_CELL_DEGRANULATION	1.05154151876029	-0.293717052779527	0.661057042797978	-1.5353892834818	0.116507774703061
GOBP_NATURAL_KILLER_CELL_MEDIATED_IMMUNE_RESPONSE_TO_TUMOR_CELL	1.66083557461245	-0.339111111727385	0.0400665991430048	-0.36642290316854	-0.995368158859529
GOBP_RESPONSE_TO_TUMOR_NECROSIS_FACTOR	1.33395943178338	0.331802892874349	-0.392471280124165	-1.39354390609033	0.120252861556763
GOBP_TUMOR_NECROSIS_FACTOR_SUPERFAMILY_CYTOKINE_PRODUCTION	0.8704850259745	0.5838338693311	0.644996815039453	-1.42503081325171	-0.674284897093346
